0.049503 0.96187
0.55017 0.94853
0.12596 0.26694
0.64333 0.09247
0.83707 0.37004
0.45683 0.92869
0.38817 0.69708
0.74133 0.61548
0.11733 0.61245
0.062493 0.33457
0.47424 0.30849
0.01842 0.57057
0.1016 0.88146
0.32693 0.20454
0.45078 0.28354
0.29198 0.57511
0.29633 0.63714
0.41186 0.89564
0.41791 0.62678
0.61854 0.76956
0.40437 0.65154
0.7764 0.15613
0.41789 0.62228
0.92419 0.93555
0.95888 0.78949
0.55097 0.35175
0.98341 0.48059
0.87016 0.81879
0.92592 0.70553
0.39321 0.54405
0.00092142 0.92502
0.9512 0.61688
0.61942 0.53649
0.098581 0.046472
0.40193 0.87181
0.036716 0.122
0.46027 0.77604
0.53479 0.93844
0.43998 0.22776
0.32811 0.30108
0.15964 0.12045
0.3633 0.16883
0.91572 0.89057
0.83483 0.26714
0.082124 0.0876
0.94112 0.91447
0.71451 0.11851
0.33883 0.20816
0.37669 0.79053
0.6327 0.091267
0.22946 0.9625
0.13409 0.8141
0.66239 0.95536
0.32041 0.68553
0.16898 0.9633
0.11609 0.81221
0.029197 0.6982
0.36859 0.92851
0.70303 0.19632
0.13253 0.52209
0.86417 0.73628
0.81841 0.24795
0.62486 0.45331
0.60478 0.28593
0.7313 0.63386
0.6774 0.53289
0.51897 0.14382
0.42974 0.59193
0.90196 0.10288
0.91454 0.81543
0.22346 0.4498
0.77511 0.12481
0.16925 0.047054
0.28042 0.46285
0.68275 0.80232
0.56646 0.76021
0.59597 0.98654
0.59556 0.24325
0.77294 0.46139
0.98417 0.55276
0.84272 0.34898
0.066664 0.4051
0.66613 0.25778
0.41801 0.11776
0.83181 0.38652
0.29444 0.062374
0.51349 0.57768
0.65048 0.0055454
0.040595 0.11631
0.82978 0.52673
0.71555 0.043955
0.77737 0.5654
0.60372 0.295
0.97662 0.59793
0.84663 0.46271
0.83514 0.36163
0.92228 0.57271
0.57764 0.95923
0.18297 0.42732
0.10864 0.14191
0.77194 0.12299
0.81067 0.99566
0.80259 0.96526
0.71859 0.75734
0.79623 0.35397
0.63877 0.17567
0.56726 0.93054
0.91059 0.15055
0.0042188 0.84431
0.24679 0.68673
0.19873 0.25483
0.8378 0.063188
0.57504 0.51215
0.55405 0.52974
0.26487 0.86135
0.31343 0.36146
0.83381 0.11249
0.90276 0.17449
0.78487 0.44934
0.94018 0.39799
0.36542 0.35844
0.31099 0.20252
0.77547 0.12561
0.63736 0.52536
0.97843 0.59346
0.25683 0.4755
0.70525 0.54682
0.023727 0.19959
0.5373 0.53152
0.49076 0.2846
0.71317 0.77125
0.23488 0.76642
0.4272 0.82051
0.70745 0.046858
0.24778 0.69684
0.95672 0.9272
0.97429 0.25527
0.32262 0.41441
0.26098 0.93508
0.72143 0.34894
0.35043 0.31115
0.86237 0.45524
0.94263 0.50362
0.71709 0.57044
0.48799 0.6412
0.249 0.78543
0.65415 0.82202
0.025648 0.48216
0.87522 0.58444
0.95799 0.013042
0.96981 0.43379
0.71173 0.23955
0.97965 0.53974
0.038502 0.70026
0.17343 0.60646
0.44502 0.3457
0.44887 0.25943
0.49594 0.39049
0.067685 0.41512
0.19192 0.054199
0.034417 0.9566
0.63895 0.49118
0.86108 0.096501
0.4147 0.52059
0.92923 0.059916
0.71348 0.23406
0.9037 0.46939
0.38417 0.013924
0.70928 0.26123
0.94683 0.56735
0.418 0.59414
0.62188 0.45345
0.85506 0.38005
0.33148 0.83278
0.32007 0.25019
0.090156 0.89992
0.70013 0.05481
0.25139 0.0074625
0.18508 0.34141
0.13727 0.79936
0.11391 0.24407
0.71609 0.12853
0.10761 0.21134
0.28561 0.90686
0.43959 0.10929
0.088055 0.56327
0.66378 0.094442
0.40612 0.15135
0.62506 0.83536
0.90462 0.10786
0.46605 0.23423
0.1089 0.51055
0.12943 0.91896
0.12925 0.91098
0.25495 0.63421
0.85644 0.73738
0.94725 0.49359
0.72374 0.94331
0.34546 0.64001
0.10446 0.59382
0.041322 0.14389
0.93988 0.50724
0.25014 0.084485
0.024348 0.7419
0.52937 0.70132
0.99981 0.28662
0.84639 0.25943
0.95289 0.12505
0.64537 0.55497
0.44307 0.45977
0.73387 0.074475
0.42429 0.063269
0.52191 0.45631
0.73791 0.55199
0.18941 0.88188
0.32957 0.086387
0.083201 0.34249
0.86038 0.33821
0.28157 0.22638
0.8946 0.95307
0.11988 0.98163
0.0021524 0.87025
0.40494 0.70625
0.44846 0.66964
0.056876 0.14856
0.75495 0.6145
0.7262 0.94153
0.68838 0.61348
0.87611 0.26609
0.74525 0.0044003
0.39153 0.64395
0.94083 0.55934
0.36063 0.52562
0.08133 0.5842
0.87994 0.70898
0.54003 0.88928
0.57123 0.63958
0.46719 0.047066
0.8347 0.51255
0.22661 0.88121
0.088307 0.10252
0.98291 0.0091831
0.47775 0.32223
0.9145 0.40067
0.30206 0.77248
0.89 0.85655
0.83299 0.30718
0.92893 0.15666
0.22145 0.58809
0.17385 0.40374
0.66227 0.044393
0.50342 0.19687
0.057753 0.073813
0.32101 0.96201
0.3822 0.32885
0.25357 0.2124
0.58186 0.91067
0.92339 0.44931
0.02044 0.37331
0.84836 0.43619
0.39308 0.46622
0.82155 0.75682
0.18468 0.88664
0.85977 0.040676
0.94695 0.1047
0.8907 0.011426
0.59212 0.03
0.50517 0.19757
0.70302 0.72312
0.26003 0.64356
0.52671 0.85163
0.8303 0.5969
0.126 0.6929
0.43315 0.19443
0.21389 0.12349
0.44197 0.70106
0.66572 0.67094
0.31784 0.40929
0.058419 0.79707
0.29726 0.19974
0.018881 0.87104
0.060805 0.99964
0.77225 0.14992
0.57365 0.75611
0.39325 0.26362
0.47563 0.12957
0.85321 0.99637
0.95507 0.77291
0.52414 0.68138
0.40259 0.35662
0.18979 0.67137
0.90987 0.92106
0.099968 0.27044
0.23843 0.84001
0.30032 0.25797
0.46178 0.18966
0.2609 0.29934
0.79768 0.7046
0.18815 0.30699
0.98974 0.49218
0.054953 0.10025
0.26989 0.23035
0.62058 0.96532
0.2084 0.57159
0.26177 0.24277
0.41165 0.64062
0.88053 0.33388
0.21399 0.50398
0.86402 0.68485
0.73983 0.83575
0.95858 0.60393
0.052836 0.57443
0.18029 0.34801
0.93589 0.16628
0.68583 0.91981
0.85468 0.98742
0.10489 0.58338
0.91433 0.26322
0.52967 0.81821
0.9572 0.66592
0.39184 0.80343
0.58471 0.59272
0.4684 0.94857
0.58905 0.41909
0.035447 0.39444
0.074856 0.17772
0.54233 0.70894
0.43328 0.26775
0.83859 0.43229
0.044312 0.54533
0.30207 0.73938
0.31556 0.77569
0.87838 0.20939
0.43399 0.71094
0.44256 0.04287
0.37076 0.36135
0.86179 0.13596
0.46515 0.71196
0.15999 0.29778
0.3689 0.21678
0.60774 0.271
0.7989 0.5614
0.44705 0.23652
0.94689 0.33992
0.89356 0.4326
0.73324 0.23538
0.90055 0.71511
0.61237 0.14517
0.59871 0.44276
0.86408 0.32868
0.53454 0.72679
0.69137 0.6418
0.68149 0.41404
0.17753 0.6259
0.0084632 0.82671
0.23405 0.8484
0.67718 0.86403
0.29033 0.092579
0.91198 0.25875
0.39474 0.32264
0.89303 0.93317
0.33939 0.71301
0.23358 0.85091
0.52539 0.37622
0.1984 0.77609
0.01055 0.71591
0.51779 0.65348
0.51931 0.33638
0.73878 0.88843
0.95112 0.45257
0.01061 0.4367
0.55392 0.32815
0.81664 0.66718
0.76035 0.91319
0.78231 0.29913
0.93056 0.44415
0.35841 0.1785
0.2527 0.60547
0.25329 0.87235
0.086129 0.78927
0.29717 0.21912
0.15657 0.39877
0.73281 0.33321
0.15463 0.78748
0.49197 0.63727
0.39664 0.70052
0.75753 0.19118
0.23614 0.25299
0.43236 0.49994
0.64741 0.52678
0.64373 0.05466
0.47289 0.85266
0.43307 0.57058
0.53535 0.19512
0.15059 0.15114
0.95571 0.86249
0.30518 0.085212
0.28664 0.98981
0.74743 0.3501
0.80775 0.71594
0.68236 0.7981
0.96279 0.026794
0.86401 0.52746
0.51585 0.21787
0.0059254 0.031974
0.018548 0.38015
0.77248 0.87065
0.27619 0.82972
0.81137 0.39208
0.33964 0.040685
0.54654 0.56184
0.22866 0.10224
0.93189 0.45546
0.10593 0.44162
0.80646 0.33634
0.20053 0.41995
0.024101 0.60354
0.79708 0.76257
0.372 0.95322
0.22083 0.33198
0.75432 0.77946
0.012067 0.61482
0.21922 0.34311
0.96847 0.95035
0.90838 0.21198
0.076579 0.92431
0.45151 0.95771
0.037513 0.49307
0.089147 0.39302
0.43764 0.90018
0.39846 0.70875
0.33788 0.0069132
0.55999 0.82703
0.070333 0.67279
0.1041 0.80564
0.27062 0.75517
0.063626 0.41679
0.10182 0.17985
0.69945 0.09164
0.95524 0.42901
0.99304 0.71276
0.058604 0.62382
0.7462 0.9475
0.011492 0.10197
0.99228 0.51526
0.67782 0.45963
0.67472 0.68588
0.84668 0.80078
0.70892 0.44252
0.7852 0.27812
0.26109 0.92863
0.91465 0.060997
0.28385 0.072254
0.14373 0.32554
0.1816 0.11598
0.10407 0.61684
0.085477 0.9254
0.70651 0.41569
0.82589 0.62214
0.40774 0.36057
0.038049 0.28949
0.88151 0.45477
0.30695 0.88352
0.12518 0.76787
0.76866 0.43342
0.99962 0.21525
0.15656 0.51336
0.23814 0.73118
0.062048 0.52939
0.819 0.58604
0.87117 0.17257
0.75916 0.74587
0.6593 0.67403
0.44823 0.82528
0.56326 0.78278
0.043581 0.9437
0.28204 0.93123
0.72001 0.89899
0.75381 0.41446
0.60945 0.36894
0.40157 0.067384
0.8913 0.48963
0.23197 0.44261
0.074843 0.7133
0.1353 0.78311
0.28578 0.57451
0.76479 0.31302
0.063917 0.40837
0.71569 0.31326
0.16649 0.32235
0.035546 0.82395
0.93259 0.79917
0.74049 0.20907
0.29917 0.55784
0.75562 0.86975
0.74841 0.72006
0.44098 0.42839
0.030019 0.69871
0.68901 0.96598
0.34614 0.71306
0.96443 0.58979
0.29731 0.84694
0.50484 0.30985
0.34281 0.36343
0.46202 0.15245
0.31153 0.025863
0.57075 0.32141
0.73891 0.76759
0.73884 0.58096
0.16686 0.66474
0.9124 0.76972
0.51965 0.66434
0.40176 0.91176
0.97038 0.046916
0.5486 0.096206
0.11321 0.86016
0.44294 0.53431
0.14544 0.02289
0.91826 0.67742
0.068229 0.19747
0.24586 0.66201
0.72559 0.55138
0.50513 0.88297
0.79136 0.8851
0.47763 0.70204
0.87709 0.9431
0.30092 0.28024
0.4648 0.86372
0.20201 0.16091
0.067108 0.85084
0.66166 0.53561
0.64161 0.39061
0.95247 0.87306
0.80638 0.71959
0.44977 0.88808
0.050395 0.25746
0.55107 0.79782
0.36637 0.2327
0.91603 0.97469
0.89946 0.6361
0.47125 0.90606
0.44648 0.93641
0.16014 0.38953
0.44217 0.98162
0.38049 0.32456
0.5119 0.9349
0.59334 0.49498
0.036017 0.86826
0.88668 0.87049
0.19964 0.81302
0.25008 0.49947
0.26582 0.86101
0.64042 0.19542
0.071183 0.41642
0.468 0.51224
0.89661 0.86623
0.66913 0.50486
0.063141 0.43763
0.44824 0.51025
0.86419 0.11028
0.058825 0.52343
0.055481 0.68725
0.59477 0.60799
0.11171 0.5355
0.04943 0.18948
0.85629 0.26894
0.10852 0.7681
0.63968 0.83
0.11273 0.13404
0.79596 0.52059
0.65721 0.15037
0.91517 0.22384
0.74637 0.33875
0.095576 0.55972
0.53946 0.052726
0.21625 0.011325
0.68349 0.92822
0.65015 0.37783
0.22125 0.012309
0.41863 0.87262
0.73455 0.83526
0.065786 0.086147
0.84243 0.26927
0.93736 0.73806
0.31388 0.087872
0.51232 0.18732
0.94721 0.54978
0.59442 0.95415
0.4573 0.86843
0.85006 0.22752
0.14178 0.82023
0.54228 0.55548
0.96709 0.72952
0.42991 0.20793
0.56178 0.42757
0.66565 0.55985
0.4722 0.36124
0.91385 0.64575
0.94622 0.38678
0.0073878 0.0021796
0.68838 0.91012
0.65305 0.87148
0.92772 0.25051
0.86561 0.61184
0.27339 0.52744
0.59383 0.90285
0.2013 0.022382
0.32114 0.92153
0.95021 0.81933
0.58784 0.88972
0.28673 0.6
0.85381 0.38001
0.20445 0.81741
0.69685 0.96884
0.4678 0.12509
0.17454 0.80092
0.12561 0.71118
0.37417 0.65964
0.49645 0.46638
0.22239 0.89671
0.83502 0.39007
0.52166 0.080226
0.15062 0.70168
0.98297 0.24492
0.5872 0.14167
0.21856 0.6851
0.93858 0.47047
0.022256 0.31952
0.65848 0.31252
0.83549 0.69517
0.67044 0.28038
0.47889 0.81489
0.61039 0.93474
0.24808 0.56282
0.78119 0.66968
0.040412 0.22735
0.22809 0.73173
0.45372 0.1845
0.94853 0.22532
0.82641 0.18677
0.49625 0.14387
0.93279 0.99311
0.12256 0.60664
0.0003762 0.46438
0.56153 0.87863
0.67887 0.57193
0.81143 0.26759
0.95434 0.00064477
0.76589 0.66372
0.76344 0.40812
0.52898 0.046235
0.78089 0.53623
0.89315 0.084051
0.15406 0.83592
0.31294 0.21506
0.52581 0.87776
0.67124 0.34679
0.18528 0.13033
0.50369 0.95424
0.51054 0.51946
0.72116 0.044074
0.33706 0.33671
0.045191 0.88378
0.59881 0.19002
0.66336 0.87598
0.552 0.49102
0.039883 0.59144
0.083692 0.45779
0.68799 0.71476
0.063023 0.35585
0.65027 0.052289
0.50496 0.30011
0.12797 0.38451
0.32946 0.67144
0.65481 0.3523
0.14897 0.24234
0.5112 0.73712
0.37042 0.098678
0.089697 0.6249
0.39971 0.61419
0.072919 0.7165
0.65018 0.10803
0.29144 0.86769
0.26729 0.58464
0.078048 0.27931
0.72974 0.46603
0.78674 0.025691
0.15426 0.8649
0.72615 0.414
0.18303 0.28342
0.91606 0.35208
0.87773 0.80555
0.19692 0.52434
0.13805 0.47728
0.88187 0.0096072
0.18109 0.93388
0.074778 0.93784
0.82247 0.94722
0.28489 0.60491
0.40625 0.23858
0.74564 0.52673
0.7762 0.39267
0.070463 0.55529
0.52405 0.79267
0.19359 0.75877
0.80168 0.077714
0.73911 0.35966
0.14856 0.14539
0.97411 0.27311
0.95293 0.20527
0.60509 0.82261
0.46438 0.11024
0.41946 0.078909
0.54807 0.57629
0.16662 0.30229
0.14478 0.076089
0.23654 0.37479
0.55514 0.45301
0.083171 0.75586
0.5907 0.48467
0.62135 0.529
0.48389 0.79721
0.78942 0.86009
0.36942 0.92399
0.49553 0.1634
0.36269 0.070739
0.056383 0.62814
0.68731 0.10362
0.85015 0.3474
0.50076 0.9885
0.71529 0.80257
0.45865 0.18436
0.89136 0.19116
0.032516 0.40111
0.42697 0.86655
0.10558 0.68139
0.57245 0.39158
0.27062 0.46161
0.227 0.14316
0.67289 0.34722
0.18743 0.11124
0.2184 0.74559
0.35418 0.82999
0.22654 0.27043
0.040137 0.64454
0.31898 0.23681
0.36717 0.43302
0.55909 0.88289
0.22521 0.47
0.0010402 0.59753
0.18764 0.068088
0.50974 0.66674
0.6231 0.42526
0.34562 0.39743
0.744 0.58745
0.88528 0.1457
0.53391 0.82283
0.92074 0.16217
0.87426 0.51536
0.03319 0.25478
0.77178 0.51901
0.8055 0.72165
0.93487 0.58808
0.60528 0.76282
0.11446 0.088724
0.33274 0.83488
0.52919 0.68372
0.13591 0.82034
0.80373 0.99149
0.76217 0.43411
0.55332 0.0487
0.83134 0.41275
0.30238 0.34843
0.31125 0.90565
0.73052 0.32835
0.75451 0.1906
0.168 0.14397
0.33826 0.20073
0.22126 0.85904
0.69162 0.0035582
0.67187 0.36969
0.28561 0.59731
0.68627 0.84622
0.94958 0.48757
0.18606 0.43926
0.95373 0.10112
0.42641 0.47448
0.43453 0.28827
0.90124 0.69553
0.70963 0.56051
0.99271 0.6053
0.66347 0.19164
0.72708 0.43791
0.47048 0.12447
0.52637 0.4382
0.76227 0.28455
0.8162 0.65652
0.26814 0.31913
0.19277 0.22692
0.59107 0.24675
0.96686 0.78716
0.09261 0.98485
0.20527 0.62806
0.69684 0.97081
0.82828 0.03882
0.56474 0.060175
0.73002 0.99315
0.12711 0.29357
0.58336 0.089441
0.29263 0.017156
0.44998 0.39289
0.4241 0.74382
0.72221 0.42459
0.88202 0.80082
0.37543 0.15187
0.50098 0.97959
0.89586 0.72678
0.39371 0.72743
0.63145 0.29896
0.11604 0.24586
0.12491 0.95377
0.56848 0.29218
0.80627 0.011725
0.73117 0.61339
0.84313 0.64354
0.14633 0.21114
0.50603 0.86286
0.84395 0.28668
0.50231 0.86904
0.98369 0.83948
0.97672 0.22067
0.90942 0.10057
0.79246 0.97924
0.29641 0.30623
0.46007 0.56474
0.21733 0.30792
0.69983 0.22165
0.29731 0.10654
0.56005 0.58168
0.45152 0.54672
0.99105 0.67198
0.32979 0.13652
0.38039 0.93483
0.78409 0.14401
0.22629 0.022189
0.55238 0.57804
0.70814 0.41373
0.23767 0.055989
0.99641 0.31495
0.53729 0.50379
0.51127 0.78158
0.57689 0.097143
0.16335 0.55195
0.0082429 0.9884
0.45368 0.86466
0.89747 0.045711
0.66627 0.24867
0.75264 0.29545
0.57976 0.8391
0.18024 0.71973
0.86124 0.66224
0.9443 0.10133
0.7656 0.67153
0.50087 0.24252
0.144 0.96589
0.99685 0.68563
0.68137 0.21167
0.829 0.55621
0.43738 0.83702
0.57907 0.81158
0.64719 0.7418
0.275 0.35289
0.75592 0.30049
0.03147 0.26224
0.3611 0.12367
0.3029 0.59671
0.38019 0.34274
0.12269 0.11612
0.67954 0.33313
0.85724 0.19384
0.33471 0.85496
0.062925 0.72357
0.044073 0.81908
0.32849 0.6343
0.064433 0.56961
0.9847 0.99291
0.046559 0.7674
0.94425 0.41808
0.99182 0.42632
0.084975 0.93228
0.31922 0.51693
0.55387 0.70789
0.80247 0.02238
0.86255 0.21546
0.70217 0.87167
0.51349 0.5191
0.13855 0.47284
0.70271 0.97033
0.26591 0.011223
0.88801 0.92685
0.36196 0.63486
0.31461 0.26925
0.4233 0.76143
0.099312 0.64663
0.85002 0.54621
0.088712 0.023408
0.15737 0.1379
0.21119 0.72786
0.91596 0.97994
0.90811 0.6456
0.52684 0.69486
0.79706 0.77126
0.81879 0.23219
0.73231 0.038565
0.69403 0.45272
0.11049 0.70183
0.34073 0.43431
0.39429 0.55571
0.23679 0.011222
0.35337 0.83824
0.22716 0.73776
0.47727 0.48589
0.99037 0.28334
0.21964 0.38267
0.48329 0.083109
0.84737 0.43786
0.35009 0.79036
0.82953 0.98325
0.79279 0.61294
0.035734 0.10694
0.91319 0.97724
0.97784 0.52886
0.58293 0.60386
0.36092 0.23435
0.8524 0.94126
0.57223 0.43162
0.24011 0.58382
0.95321 0.18407
0.34811 0.93715
0.29369 0.56159
0.60103 0.38087
0.064833 0.09366
0.43406 0.26913
0.85242 0.81465
0.83647 0.82268
0.68183 0.86885
0.13119 0.62828
0.43001 0.9151
0.81085 0.83914
0.67324 0.2274
0.40969 0.32752
0.73875 0.40676
0.12481 0.12028
0.98507 0.9689
0.58564 0.44957
0.27211 0.75704
0.28543 0.85137
0.75056 0.73924
0.76328 0.7898
0.96998 0.28188
0.2539 0.0091923
0.93633 0.79589
0.78115 0.16159
0.47058 0.19081
0.071519 0.64359
0.61448 0.324
0.66579 0.14349
0.60113 0.482
0.73295 0.83521
0.07826 0.15284
0.084146 0.36418
0.0018413 0.64452
0.83411 0.97196
0.32004 0.80435
0.22509 0.33625
0.26678 0.74232
0.54795 0.48394
0.41825 0.98189
0.97054 0.7984
0.58701 0.3301
0.9503 0.72025
0.66624 0.76478
0.95648 0.60191
0.5045 0.34208
0.34957 0.45419
0.93969 0.7245
0.83502 0.30459
0.94391 0.29171
0.24502 0.47176
0.1162 0.95698
0.15252 0.068062
0.25847 0.58936
0.29124 0.79484
0.99231 0.30256
0.20413 0.0088213
0.97046 0.44419
0.33446 0.42427
0.088693 0.92964
0.34132 0.24605
0.78526 0.064932
0.25275 0.85902
0.234 0.083046
0.23758 0.62717
0.64772 0.85058
0.15751 0.15066
0.59147 0.74778
0.17839 0.99655
0.062903 0.44729
0.85946 0.70369
0.45492 0.74068
0.61903 0.83556
0.29279 0.69637
0.37988 0.35521
0.74401 0.81356
0.7964 0.29946
0.50447 0.14806
0.94833 0.16479
0.7869 0.14966
0.32025 0.2541
0.24172 0.17748
0.36806 0.14098
0.95496 0.35287
0.12249 0.86479
0.40434 0.28806
0.68088 0.17697
0.44855 0.47198
0.42681 0.33173
0.89573 0.68673
0.0071817 0.074023
0.042782 0.42515
0.23971 0.24192
0.8932 0.72071
0.83972 0.25966
0.19041 0.378
0.0041952 0.38754
0.93347 0.047956
0.37967 0.38614
0.62416 0.83184
0.24658 0.11305
0.31293 0.72974
0.80314 0.64441
0.41565 0.77278
0.30229 0.63859
0.89917 0.8116
0.74556 0.019096
0.94948 0.91806
0.21088 0.093921
0.36146 0.84261
0.78939 0.58215
0.37402 0.65072
0.9677 0.41162
0.72319 0.055551
0.41777 0.020958
0.547 0.70128
0.75239 0.74094
0.60908 0.52709
0.62337 0.71512
0.34887 0.13873
0.036389 0.34794
0.24701 0.55597
0.043486 0.85084
0.75659 0.85374
0.72328 0.74476
0.24626 0.048974
0.845 0.093608
0.80329 0.72472
0.19175 0.27454
0.48104 0.18232
0.14234 0.026916
0.5706 0.93675
0.92267 0.57415
0.54869 0.24083
0.6042 0.63999
0.48714 0.32638
0.052325 0.44112
0.99353 0.82244
0.084134 0.98458
0.18215 0.67896
0.30017 0.97264
0.69046 0.94582
0.5811 0.89373
0.12653 0.89654
0.32218 0.59847
0.1123 0.89386
0.26008 0.29279
0.11358 0.54989
0.38735 0.6266
0.16258 0.53744
0.88543 0.25418
0.17324 0.76638
0.406 0.76396
0.57694 0.92233
0.91983 0.23742
0.30732 0.58985
0.20006 0.22933
0.25388 0.93221
0.905 0.41413
0.54636 0.1109
0.98872 0.85176
0.055987 0.14604
0.78742 0.6754
0.97253 0.66839
0.78576 0.88894
0.41637 0.23989
0.96005 0.45143
0.0095692 0.80485
0.14894 0.75548
0.16418 0.14524
0.76115 0.77552
0.5387 0.18306
0.16177 0.14627
0.96742 0.30046
0.08381 0.69073
0.15027 0.87925
0.29336 0.67936
0.67554 0.28407
0.7004 0.70929
0.92435 0.063807
0.091805 0.5836
0.61661 0.86256
0.7554 0.58528
0.48196 0.63038
0.72433 0.81639
0.78661 0.46559
0.34804 0.91519
0.3759 0.084793
0.98781 0.11102
0.9207 0.037698
0.55468 0.34555
0.60097 0.37299
0.72164 0.25801
0.09389 0.37523
0.036553 0.31355
0.96784 0.99642
0.19856 0.37272
0.0029086 0.15369
0.17452 0.090035
0.65828 0.26001
0.64491 0.56221
0.27458 0.21921
0.32941 0.58802
0.36202 0.46896
0.94421 0.83486
0.38237 0.19928
0.71503 0.54298
0.9315 0.65945
0.68774 0.32446
0.95719 0.2818
0.68249 0.507
0.54597 0.27091
0.61624 0.72855
0.070193 0.73244
0.44655 0.22322
0.75904 0.80452
0.25004 0.74424
0.60353 0.048886
0.16562 0.72442
0.59564 0.15283
0.051654 0.16243
0.79843 0.18346
0.7674 0.20499
0.26405 0.88477
0.95362 0.29506
0.62686 0.94092
0.42148 0.44675
0.27972 0.55313
0.084557 0.79975
0.020374 0.29387
0.043133 0.67603
0.97896 0.71672
0.22442 0.30905
0.39633 0.42551
0.96339 0.44139
0.67934 0.50396
0.50053 0.024793
0.068129 0.38578
0.40398 0.57944
0.22847 0.41033
0.35749 0.78285
0.2119 0.1226
0.93466 0.59051
0.95489 0.79562
0.85769 0.70709
0.077814 0.45226
0.15899 0.49178
0.0087997 0.75991
0.070455 0.35125
0.51116 0.85674
0.031525 0.88188
0.47364 0.85393
0.84641 0.10647
0.070354 0.25856
0.69138 0.70291
0.6298 0.96548
2.9866e-05 0.8937
0.49549 0.49276
0.15256 0.058483
0.80221 0.36799
0.68289 0.56627
0.87577 0.26302
