3.6014 -0.016981
4.9954 3.2509
3.1902 2.1133
0.78539 0.41908
0.077268 0.65731
0.63504 1.0352
0.92363 -0.1417
3.723 0.29793
4.769 -0.83062
3.8607 2.4823
1.3937 2.532
3.7562 0.27836
2.8558 -0.31341
3.2783 3.8307
2.9332 3.2358
2.5159 3.0106
4.3449 0.25549
3.9896 -0.1114
3.9464 2.9833
1.4021 1.88
0.13824 0.16432
0.23009 0.66921
1.7109 2.9321
0.23948 0.51662
3.563 0.12426
0.64685 1.2299
3.8001 0.35023
1.4035 0.49008
2.6397 1.0219
2.992 0.40693
1.0946 0.16178
3.2671 3.5565
0.10362 1.1234
-0.15179 -0.055228
2.7058 -0.027673
3.1782 1.9816
3.8469 3.7323
3.144 3.0107
2.7718 4.2024
3.076 0.032158
4.2147 1.6406
3.1211 -0.062919
2.616 -0.42173
3.5148 2.4114
3.8805 0.16463
3.6343 0.19577
0.99813 0.33064
0.98025 0.33718
-0.019014 0.53678
2.7718 4.2024
4.1699 0.54713
1.913 2.697
3.0626 0.90422
1.4414 0.1537
1.2017 1.1414
4.4141 0.18451
4.3305 0.10398
3.9284 2.254
3.3235 -0.041762
2.7128 2.6862
2.3686 -0.56598
1.8722 3.3489
3.9472 -0.52126
2.7584 2.4587
3.4907 -1.7369
2.8442 3.9854
0.77941 0.56628
0.29906 0.53306
3.9464 2.9833
0.34902 -0.13821
3.4072 2.3991
2.8821 2.7311
4.4593 2.6812
3.9284 2.254
-0.35925 0.64242
2.2823 -0.047032
3.8356 3.0496
4.273 0.0045142
0.51338 0.64421
3.2691 0.32246
4.0422 -0.48318
4.0229 -0.31869
4.1461 -0.11554
1.0035 0.11822
0.57266 0.71367
3.5712 0.48606
0.95126 1.1358
1.1741 0.63946
3.4268 -0.014587
2.6321 0.10474
3.2545 0.25941
3.8918 -0.39434
0.95864 0.72794
2.9388 2.6898
2.6347 2.2142
3.0683 0.85499
2.9734 2.7044
2.6421 3.4776
2.6466 2.7435
4.027 3.1821
3.4907 -1.7369
2.3686 -0.56598
2.095 4.8099
0.44396 0.22215
2.328 1.8543
4.0852 0.029691
0.44203 0.84249
1.1058 -0.47096
2.7383 0.19283
0.51338 0.64421
4.105 -0.46624
-0.00069217 0.50197
3.3391 3.1857
1.745 4.0502
0.63043 -0.1309
3.8236 0.33445
-0.21407 1.3816
2.6397 1.0219
3.2685 3.3806
0.82109 1.515
1.7268 3.9691
2.5159 3.0106
2.7732 2.9562
2.5159 3.0106
1.1999 0.9897
0.64682 0.89095
0.87699 0.58293
2.5437 0.49633
3.0675 2.9497
1.0768 0.99496
3.0581 3.1533
0.6608 0.46761
0.70062 0.58407
1.5845 0.39754
2.4831 4.76
0.36542 0.66449
2.6347 2.2142
3.4287 2.4173
3.563 0.12426
3.4186 0.37882
1.8107 3.2972
3.0283 2.9
4.3305 0.10398
1.0197 -0.060798
2.8769 2.2733
3.5541 -0.38053
3.9881 -0.55218
3.2953 4.779
3.9859 0.34225
0.44133 0.36843
3.0283 2.9
1.0311 1.1818
1.2371 3.5198
4.8005 0.62449
2.203 1.9628
2.3891 3.264
-0.0025098 0.077948
0.10362 1.1234
2.9863 -0.2318
2.6212 4.2096
3.6014 2.5643
0.61204 0.36206
2.9388 2.6898
3.1396 1.0719
3.5922 3.6535
1.8183 -0.17835
3.0009 0.069881
1.9884 3.1872
3.4432 -0.0094711
0.91609 0.81045
3.3444 0.67986
0.72326 -0.18185
3.5138 0.28055
2.3301 4.223
3.8197 -0.084697
2.6477 1.2374
0.5677 0.31519
0.97031 -0.37465
2.838 -0.66707
2.024 4.2164
2.7073 -0.054504
3.8832 -1.0214
3.0962 0.57229
1.5464 2.668
-0.25027 0.19532
3.3119 3.2807
3.1358 2.0529
0.045182 0.50232
0.609 1.029
-0.40805 0.62366
0.52804 1.0357
1.1313 0.52106
3.1226 2.9894
0.34902 -0.13821
4.4537 0.31316
3.3638 -0.24444
4.0852 0.029691
1.2685 2.7069
2.3132 0.41254
2.5738 3.1817
2.9232 3.2839
0.5349 -0.050703
3.8511 2.2199
4.0283 1.2174
-0.07537 1.1611
3.3224 3.2186
1.745 4.0502
2.5654 2.7153
4.105 -0.46624
0.80242 0.75801
4.3513 -0.43633
2.6552 -0.51495
2.9182 -0.44452
1.7268 3.9691
0.98025 0.33718
1.1596 0.80939
3.8261 2.9878
2.7071 2.0423
3.2736 0.15578
3.2367 0.48133
0.77941 0.56628
3.15 -0.21425
0.23812 1.0727
2.5362 3.5148
0.79092 1.086
0.82109 1.515
3.9065 0.34874
3.7946 -0.69135
0.16116 1.071
0.49655 0.18329
3.8805 0.16463
-0.10815 -0.27295
2.8269 2.3592
0.58859 0.085345
3.4271 0.59188
3.4287 2.4173
2.9579 3.6974
3.6829 2.6639
3.0899 -0.11852
3.1424 0.42362
3.4334 2.9188
3.09 2.319
0.49745 0.87679
1.0263 -0.21612
3.0568 2.265
2.3686 -0.56598
1.913 2.697
0.51583 0.30514
2.4485 2.7362
3.6829 2.6639
2.2022 3.4512
0.60991 1.3057
4.5839 -0.49745
3.3901 -0.35833
2.06 1.9134
2.6733 2.5985
3.7035 -0.054059
2.6556 3.0934
3.7888 -0.16415
0.80523 0.32582
1.1054 0.99666
4.3837 0.17776
3.0978 -0.95146
0.21078 0.4095
0.23812 1.0727
1.2017 1.1414
1.5734 3.912
-0.23279 0.34377
3.0112 2.3626
1.4919 0.87864
3.6727 1.1662
3.0515 2.8996
3.4792 2.7022
3.0638 3.0325
0.53472 0.52136
0.46821 0.5375
3.4031 0.76656
3.4287 2.4173
3.1778 0.22299
0.76764 0.80192
3.1902 2.1133
3.6682 -0.2733
3.7888 -0.16415
4.2269 2.5946
3.5906 2.4516
2.2943 1.039
0.36542 0.66449
3.5557 3.1896
4.0229 -0.31869
0.33079 0.63682
3.3299 2.5367
2.6421 3.4776
3.3404 3.3415
4.3291 0.65525
2.8434 3.9574
3.2987 -0.42119
3.0798 -0.43229
0.53472 0.52136
0.41514 0.78677
3.4419 4.2048
3.9071 0.39746
3.1697 -0.49013
0.51198 1.477
2.7939 -1.1118
2.6556 3.0934
1.1597 1.6822
0.80136 0.77515
2.84 3.6328
3.8964 0.31808
3.3404 3.3415
2.6272 2.0801
3.8044 3.664
0.64685 1.2299
3.3367 3.2493
2.992 0.40693
3.2212 2.8677
0.26361 0.048771
4.3837 0.17776
3.9276 0.048914
2.7939 -1.1118
3.9422 0.3117
3.3665 5.4291
1.745 4.0502
0.44133 0.36843
2.7383 0.19283
0.64142 0.38074
3.2058 -0.37148
2.9579 3.6974
2.095 4.8099
2.1772 2.5751
0.29836 -0.099065
3.1853 -0.28766
3.1707 2.4886
0.76114 1.1393
3.7877 0.35492
4.2426 0.49568
0.6572 0.19435
1.0323 0.97693
0.6572 0.19435
2.6774 1.8053
3.9355 -0.085919
0.61035 0.30059
3.0086 -0.38165
0.66493 0.91512
2.9304 2.4283
1.4414 0.1537
3.3059 -0.18087
0.76114 1.1393
2.06 1.9134
2.9018 2.5256
3.7946 -0.69135
1.2685 2.7069
3.7771 0.33352
3.5778 -0.083828
-0.069804 0.15913
2.6347 2.2142
2.9739 2.6421
3.5765 0.38812
2.1965 2.0284
0.78966 1.3169
3.1417 -0.92614
2.6955 4.1997
3.6065 2.8242
3.1853 -0.28766
1.9923 2.9307
3.3011 -0.32067
2.5691 3.8889
0.86903 -0.40604
-0.40704 0.043544
3.5557 3.1896
4.2282 0.042807
0.32358 -0.44458
0.59199 1.4311
2.6347 2.2142
4.0937 -0.22875
4.3231 -0.67644
2.7999 4.0734
3.4835 -0.54627
3.5308 0.41795
3.8261 2.9878
2.3312 2.5672
3.5781 0.060692
3.9505 -0.5711
2.8189 -0.23856
2.1804 2.4237
0.34902 -0.13821
1.1999 0.9897
2.4284 2.7562
2.6257 2.6435
0.80316 0.35581
2.7455 2.5953
3.2777 -0.49252
3.118 0.047951
-0.11211 1.0696
1.1846 0.61058
3.4272 0.74372
3.8469 3.7323
0.81678 0.97629
3.8966 3.326
3.9889 0.016334
0.64274 0.065666
3.2212 2.8677
0.21843 0.68059
0.36542 0.66449
0.66785 1.0612
3.9422 0.3117
2.8107 1.4993
3.6366 0.093208
0.25337 1.4721
0.29489 -0.18889
3.8044 3.664
0.86903 -0.40604
3.211 -0.7556
3.3547 -0.13631
0.21812 0.11204
0.52804 1.0357
3.6175 3.4333
3.5631 -0.61891
1.213 0.49804
3.3518 -0.20782
3.913 -0.32286
3.6113 -0.14349
2.7975 2.7316
0.91895 0.31057
3.7315 2.5751
3.118 0.047951
0.29906 0.53306
2.4665 0.010109
2.4117 3.6648
2.4284 2.7562
3.4001 0.46034
2.8293 0.0020168
0.83298 1.1764
3.3658 3.1746
3.32 3.5051
3.3283 -0.9865
2.4284 2.7562
3.3111 2.4878
0.31804 0.97487
3.6109 2.1675
4.0935 0.45303
0.46259 0.40186
2.8525 0.25555
0.67468 1.0471
2.6397 1.0219
4.9477 3.77
1.1146 0.12961
-0.069804 0.15913
4.6659 1.4134
2.349 2.3378
0.21078 0.4095
3.3451 0.40749
3.729 0.36769
4.2269 2.5946
0.13824 0.16432
2.6733 2.5985
3.8559 0.36566
-0.25027 0.19532
2.8269 2.3592
-0.50603 0.95047
3.393 0.21286
0.53703 0.37986
0.42518 0.89668
2.6385 -0.073128
3.4792 2.7022
3.3933 -0.13502
2.6733 2.5985
1.2718 -0.24496
3.2898 0.098302
-0.53941 0.5391
0.63463 0.24927
2.6844 4.2471
3.6463 0.3711
1.2017 1.1414
3.0638 3.0325
2.06 1.9134
1.0311 1.1818
2.5515 2.6477
4.3464 2.7388
0.67838 0.36283
3.5148 2.4114
3.393 0.21286
3.2671 3.5565
0.41514 0.78677
-0.96652 -0.20133
1.2922 0.074742
1.0881 0.16857
2.7732 2.9562
2.4376 3.0792
1.8273 3.6377
3.0086 -0.38165
4.5601 -0.060869
0.9216 0.96739
3.8965 -0.31848
2.6085 2.8623
3.3161 -0.28102
0.75609 -0.22366
0.95864 0.72794
3.3092 2.4505
-0.30635 0.38839
3.9704 0.34644
2.4485 2.7362
3.4072 2.3991
3.857 2.763
0.64161 0.38238
3.7562 0.27836
3.0568 2.265
3.856 0.3606
3.1424 0.42362
2.349 2.3378
3.6124 3.745
4.096 3.4228
3.5039 -0.65765
0.46821 0.5375
2.9442 3.8452
3.6029 2.8483
-0.056053 0.29947
3.4907 -1.7369
3.304 0.78952
2.8099 0.43815
2.3592 2.9893
-0.077448 0.90015
3.6644 0.21115
2.6718 1.577
3.0859 1.9836
1.0195 0.87574
2.7718 4.2024
2.7455 2.5953
1.9923 2.9307
2.6347 2.2142
3.6762 3.1882
0.44929 1.1844
1.0358 0.67466
3.0009 2.2982
0.19247 0.31809
0.43827 1.269
2.7128 2.6862
3.0884 -0.24768
4.0281 0.71764
3.0907 2.7854
-0.056873 1.0547
1.2371 3.5198
3.563 0.12426
0.31352 0.51826
3.4072 2.3991
-0.21407 1.3816
3.3283 -0.9865
2.4831 4.76
1.1046 0.81929
0.89354 0.16888
0.41514 0.78677
1.0946 0.16178
3.1687 4.6575
1.7955 0.087834
1.1999 0.9897
3.5738 2.0315
2.7854 3.0199
0.85628 0.51763
3.3651 -0.24997
3.2634 3.7735
2.6677 3.0935
4.2426 0.49568
0.78724 0.79807
4.0112 2.88
0.44617 0.46327
1.0143 0.51333
0.60991 1.3057
0.51198 1.477
0.78539 0.41908
-0.44444 -0.44388
0.83794 0.16477
4.2119 -0.75753
0.65251 -0.5826
2.8636 3.2575
3.413 1.5123
3.6291 3.9133
2.2608 3.4224
2.5356 3.0221
0.80523 0.32582
1.9923 2.9307
3.0859 1.9836
1.0946 0.16178
1.2792 -0.24451
2.6085 2.8623
3.1396 1.0719
3.4753 1.3414
3.729 0.36769
3.947 0.43489
2.5654 2.7153
1.8107 3.2972
3.8044 3.664
3.3224 3.2186
3.5848 -1.0689
2.3725 3.382
2.6718 1.577
0.21078 0.4095
0.74417 0.41896
2.4745 4.2423
1.1596 0.80939
0.66493 0.91512
1.8107 3.2972
3.3224 3.2186
4.1284 2.5416
3.7877 0.35492
3.054 -0.58823
3.7796 2.6301
3.3011 -0.32067
2.4438 2.147
1.1313 0.52106
3.8386 -0.49877
2.2823 -0.047032
3.0698 0.41177
2.6466 2.7435
4.3634 -0.064798
0.45943 -0.47711
3.0638 3.0325
3.8471 0.45269
2.9708 2.0832
2.095 4.8099
2.9208 3.3421
2.6877 2.3574
0.6608 0.46761
-0.44444 -0.44388
3.5778 -0.083828
3.2113 0.67694
3.6343 0.19577
3.1995 0.42035
3.0112 2.3626
-0.96652 -0.20133
2.7843 3.4077
3.1227 0.56832
2.06 1.9134
3.2305 -0.013494
3.3451 0.40749
0.31281 0.95295
3.9355 -0.085919
3.6829 2.6639
3.0156 0.00024409
0.71009 1.0567
3.0384 2.8591
-0.31625 1.13
2.4485 2.7362
2.9555 -0.10607
1.2441 0.9028
3.8816 2.8196
0.076596 0.056734
2.7274 1.9179
3.5407 1.1862
3.19 3.4836
3.0256 -0.3234
0.13831 0.35949
2.7775 -0.46961
3.0834 0.040034
3.3599 0.25266
-0.056873 1.0547
0.030161 0.37422
4.2928 -0.38871
0.81467 0.2707
2.3891 3.264
0.8422 -0.090074
1.6579 2.8044
1.8813 2.4084
4.6659 1.4134
2.7939 -1.1118
4.3231 -0.67644
2.9208 3.3421
3.118 0.047951
3.2813 0.33547
0.71009 1.0567
4.1574 0.7733
3.9071 0.39746
2.1641 2.8067
3.5738 2.0315
0.9762 -0.065175
3.0012 0.33736
4.4593 2.6812
3.2149 -0.088183
0.80136 0.77515
0.32304 -0.11033
3.4813 0.54235
2.5515 2.6477
4.1802 1.6163
3.5219 -1.2133
-0.23279 0.34377
2.3802 2.4601
3.6536 3.3491
2.3018 2.8988
0.34902 -0.13821
3.5396 2.1877
2.6904 0.56526
0.75176 -0.029643
2.5738 3.1817
3.1614 2.0383
1.3913 0.1656
3.4968 -1.2076
2.8825 3.2291
0.71442 0.5335
3.8189 0.22687
0.88139 0.76979
0.86903 -0.40604
4.2752 0.10312
0.44203 0.84249
2.548 0.23499
0.70062 0.58407
2.6552 -0.51495
3.6014 2.5643
3.0759 2.4515
0.64685 1.2299
0.20911 1.076
3.1016 -0.35627
1.0946 0.16178
-0.038236 0.28919
2.4745 4.2423
2.8442 3.9854
2.652 2.4878
0.1066 0.24633
3.0009 2.2982
-0.097058 0.64125
3.856 0.3606
0.21146 0.78267
2.6477 1.2374
2.4742 3.3307
3.563 0.12426
1.1146 0.12961
2.8579 0.09996
3.3304 2.6956
0.98243 3.8302
1.0163 0.041751
2.7104 3.117
3.6731 -0.061936
2.4376 3.0792
3.0581 3.1533
2.4198 3.0471
2.6844 4.2471
0.95864 0.72794
3.5308 0.41795
3.1174 3.8965
2.7128 2.6862
0.82109 1.515
0.52804 1.0357
-0.25027 0.19532
0.78966 1.3169
0.87699 0.58293
1.8104 1.4634
-0.16325 0.50443
3.4907 -1.7369
2.8634 0.1736
3.3441 -0.33855
3.3494 2.6121
2.616 -0.42173
3.211 -0.7556
0.43827 1.269
3.9874 0.26763
3.304 0.78952
1.2214 0.47545
4.0395 3.4524
-0.38793 0.98196
2.8768 0.21656
3.5394 0.08751
2.2226 -0.82718
0.99767 0.80343
-0.22709 -0.88582
3.7098 2.4577
4.5991 -0.35942
-0.05808 1.6023
3.1687 4.6575
3.4865 3.1081
0.67509 1.0985
2.1965 2.0284
3.3267 -0.38722
4.2906 -0.10096
2.652 2.4878
3.5712 0.48606
2.7999 4.0734
0.70157 0.24615
3.9472 -0.52126
0.096438 0.96939
3.8472 0.62035
3.0077 0.11856
1.9884 3.1872
3.0978 -0.95146
3.8767 -0.20269
1.0946 0.16178
1.8687 1.6087
1.0258 0.80088
3.6304 1.8777
2.8624 2.303
-0.30635 0.38839
3.0899 -0.11852
3.3092 2.4505
3.8197 -0.084697
3.19 3.4836
0.52061 0.64279
3.0146 2.1626
3.6803 3.0118
3.7242 -0.61875
-0.097058 0.64125
1.4919 0.87864
3.2756 1.0689
2.3018 2.8988
0.80136 0.77515
3.5933 3.8839
4.4213 2.1701
2.9733 -0.55665
-0.33155 -0.11062
-0.19273 -0.38688
-0.41979 0.49341
0.076596 0.056734
2.5743 2.5159
2.6397 1.0219
1.4091 2.9044
3.4186 0.37882
3.047 2.3784
-0.16325 0.50443
2.4236 -0.50885
2.3255 3.0873
-0.30635 0.38839
4.0935 0.45303
3.0384 2.8591
2.7039 3.2611
2.6552 -0.51495
3.0086 -0.38165
0.26836 -0.11916
2.8107 1.4993
-0.26364 0.54508
4.2037 -0.06066
-0.21407 1.3816
3.1236 0.057307
0.42518 0.89668
0.076596 0.056734
0.51198 1.477
3.0568 2.265
3.8559 0.36566
2.0355 -0.062852
2.5691 3.8889
2.9332 3.2358
3.5196 -0.073972
0.45671 0.17296
1.0414 0.98164
1.6988 3.0959
0.8422 -0.090074
0.60991 1.3057
2.7664 3.0824
0.0028395 0.41203
3.6619 3.9413
1.1741 0.63946
2.611 2.7558
3.2545 0.25941
0.51491 0.71656
2.6477 1.2374
3.0515 2.8996
-0.41979 0.49341
4.1802 1.6163
3.6803 3.0118
3.3638 -0.24444
-0.40805 0.62366
0.6572 0.19435
0.1066 0.24633
3.5541 -0.38053
2.7854 3.0199
0.64161 0.38238
0.8379 0.55557
3.3665 5.4291
3.6558 -0.81472
3.3059 -0.18087
4.2906 -0.10096
-0.16325 0.50443
4.1461 -0.11554
2.5515 2.6477
3.0041 -0.4468
3.0077 0.11856
4.2164 -0.10613
3.0422 3.0008
2.6904 0.56526
2.7377 0.09881
3.3665 5.4291
0.070432 0.58915
4.1109 2.6293
0.46259 0.40186
3.8424 -0.54406
3.3039 -0.34425
0.52061 0.64279
2.5908 3.8543
2.2981 -0.049619
0.51198 1.477
3.151 1.7013
-0.12056 0.30696
3.304 0.78952
3.2545 0.25941
3.733 -0.48234
2.8695 2.582
2.8189 -0.23856
3.6175 3.4333
-0.11211 1.0696
0.24323 -0.97119
3.1174 3.8965
3.3404 3.3415
-0.30635 0.38839
1.0948 2.827
3.1707 2.4886
0.30699 0.19019
0.53703 0.37986
2.721 -0.27805
3.4287 2.4173
3.6348 3.2931
0.0028395 0.41203
3.1902 0.6835
3.7204 5.0404
3.857 2.763
3.8511 2.2199
2.6904 0.56526
0.070432 0.58915
0.21078 0.4095
0.80316 0.35581
1.4749 0.4882
3.0391 -0.42784
0.52258 1.0224
2.7377 0.09881
4.2048 0.31401
2.0664 3.8004
0.09814 0.68396
2.9555 -0.10607
2.9598 -0.36471
3.0283 2.9
2.2022 3.4512
0.64142 0.38074
1.9332 2.4901
1.7268 3.9691
1.5464 2.668
2.5908 3.8543
-0.0041895 0.44848
2.6826 0.2121
3.6829 2.6639
3.3059 -0.18087
0.13824 0.16432
3.7749 0.97398
3.1424 0.42362
0.46259 0.40186
2.4831 4.76
3.1873 3.4914
3.2353 0.70885
3.1143 4.0678
3.0907 2.7854
3.9505 -0.5711
0.4314 -0.14815
2.3936 3.2969
-0.20415 0.44963
4.0552 2.654
3.3993 1.2231
2.2226 -0.82718
0.65246 -0.23883
3.9889 0.016334
3.8559 0.36566
4.0552 2.654
1.2441 0.9028
3.6749 -0.46448
0.27574 1.0177
3.3599 0.25266
2.3302 3.126
2.8107 1.4993
3.09 2.319
2.9708 2.0832
0.5453 0.51684
3.4813 0.54235
2.9708 2.0832
3.9304 2.1158
0.23948 0.51662
0.98966 1.5085
4.1926 1.9733
2.6733 2.5985
3.9207 -0.94778
4.2426 0.49568
3.3367 3.2493
-0.21274 0.83754
3.5595 2.9122
3.4811 0.45585
0.75044 1.3746
1.3101 0.49231
2.9733 -0.55665
0.76773 1.4681
1.8183 -0.17835
0.27008 0.4403
0.71009 1.0567
-0.21407 1.3816
0.048224 0.64368
4.3213 0.34134
3.856 0.3606
2.992 0.40693
0.58798 0.5856
2.3255 3.0873
1.1535 0.35255
0.82408 0.60274
2.6591 2.3037
3.9874 0.26763
2.9805 0.90113
3.364 2.6333
2.9396 0.0034922
2.7854 3.0199
2.8558 -0.31341
2.717 -0.43669
3.466 -1.0231
4.8005 0.62449
4.4705 5.5709
4.9771 3.8082
0.95126 1.1358
3.6829 2.6639
4.8891 3.5293
2.3802 2.4601
2.7664 3.0824
3.7597 0.62676
2.6477 1.2374
4.2048 0.31401
4.9477 3.77
0.62611 0.90329
0.41514 0.78677
3.2685 3.3806
1.2243 1.0239
1.4919 0.87864
1.0323 0.97693
2.8525 0.25555
-0.25027 0.19532
1.0323 0.97693
0.29836 -0.099065
3.377 0.49481
2.734 -0.4016
3.9207 -0.94778
2.8269 2.3592
2.5159 3.0106
2.6956 2.8264
0.92363 -0.1417
0.5349 -0.050703
1.1814 0.60375
2.7349 -0.76436
0.74261 0.12597
2.9304 2.4283
1.8813 2.4084
1.0311 1.1818
3.7219 -0.36384
2.2391 2.5193
3.5617 -0.3169
1.2718 -0.24496
0.21254 0.56504
3.0009 0.069881
3.0734 3.9971
3.047 2.3784
0.92363 -0.1417
0.21812 0.11204
3.3283 -0.9865
3.3283 -0.9865
3.9185 -0.43379
3.0647 -0.21442
3.0486 2.5066
3.8236 0.33445
3.7771 0.33352
3.5381 2.6814
2.0885 3.1456
-0.20415 0.44963
3.857 2.763
3.0074 3.5601
3.6682 -0.2733
2.4485 2.7362
-0.41601 0.74492
0.72326 -0.18185
3.0283 2.9
4.1687 3.6087
3.6762 3.1882
3.733 -0.48234
3.0077 0.11856
-0.12056 0.30696
3.9065 0.34874
4.0852 0.029691
3.7661 -0.029442
3.6011 0.85271
1.0263 -0.21612
4.1707 0.097526
3.4268 -0.014587
3.4334 2.9188
-0.43996 -0.48519
0.09814 0.68396
3.6727 1.1662
-0.16325 0.50443
2.8968 -0.60539
3.7661 -0.029442
4.171 3.8663
0.32187 0.8995
1.8107 3.2972
0.5677 0.31519
2.2943 1.039
2.6347 2.2142
-0.50291 0.017648
0.24323 -0.97119
0.81678 0.97629
0.76114 1.1393
2.6466 2.7435
3.0573 0.63286
0.4314 -0.14815
1.4749 0.4882
0.89119 4.1084
0.5412 0.25006
2.6826 0.2121
2.5908 3.8543
2.4681 3.8686
3.2243 0.21113
2.7274 1.9179
1.0358 0.67466
1.0135 0.45632
-0.79206 0.65245
3.5738 2.0315
0.62611 0.90329
2.9208 3.3421
3.1358 2.0529
3.3161 -0.28102
3.4171 -0.022216
4.1059 0.54797
-0.45954 -0.27
2.4745 4.2423
3.8001 0.35023
3.2633 0.10788
1.0358 0.67466
0.51338 0.64421
2.2222 3.1979
0.064324 0.37542
0.97031 -0.37465
2.895 3.2482
0.59199 1.4311
3.3283 -0.9865
1.6579 2.8044
3.1782 1.9816
0.27574 1.0177
2.9191 3.3178
2.4376 3.0792
4.4398 2.4219
3.8964 0.31808
2.2947 1.9262
2.6877 2.3574
2.2259 2.4858
3.2058 -0.37148
2.9726 3.2564
3.0709 -0.61451
-0.41601 0.74492
1.0736 0.24969
3.3304 2.6956
3.8966 3.326
3.0962 0.57229
3.0578 3.6798
1.2691 1.5537
4.4361 2.6261
3.4792 2.7022
3.8987 0.047663
2.7854 3.0199
0.91895 0.31057
3.6011 0.85271
3.7946 -0.69135
0.38252 0.62282
4.4705 5.5709
3.1902 0.6835
3.3224 3.2186
1.3913 0.1656
1.4247 -0.072689
0.80523 0.32582
3.6762 3.1882
4.6812 -0.5911
3.3059 -0.18087
2.7083 2.4149
3.3651 -0.24997
3.8471 0.45269
3.8462 0.16919
3.0907 2.7854
-0.23279 0.34377
2.2259 2.4858
2.7128 2.6862
3.7126 -0.63224
3.2596 -0.33389
3.2353 0.70885
2.7718 4.2024
3.3283 -0.9865
3.2954 2.5279
2.4236 -0.50885
2.8634 0.1736
1.1046 0.81929
2.8724 3.1734
0.059275 0.14146
0.62359 0.75723
-0.38067 0.36467
3.7131 0.36926
2.9034 3.2895
-0.00069217 0.50197
0.5677 0.31519
0.45671 0.17296
2.8628 3.4514
4.4953 0.528
3.1778 0.22299
0.5677 0.31519
4.0138 0.62295
4.0229 -0.31869
0.048224 0.64368
0.38953 1.3752
0.69807 -0.20687
0.25337 1.4721
0.1066 0.24633
